37.751400000000004 0 0
37.6383 2.35 0.05
37.6383 4.7 0.1
37.400000000000006 7.350000000000001 0.15000000000000002
37.400000000000006 9.8 0.2
36.6854 13 0.25
36.6854 15.600000000000001 0.30000000000000004
36.031600000000005 18.900000000000002 0.35000000000000003
34.93809999999999 22.8 0.4
34.534499999999994 26.1 0.45
33.08570002330118 30.500000834188675 0.5
33.085699999999996 33.550000000000004 0.55
33.085699999999996 36.60000000000001 0.6000000000000001
30.49259999999999 42.25 0.65
30.49259999999999 45.50000000000001 0.7000000000000001
30.49259999999999 48.75 0.75
30.49259999999999 52 0.8
30.49259999999999 55.25000000000001 0.8500000000000001
29.62709999999999 59.4 0.9
29.62709999999999 62.7 0.9500000000000001
29.62709999999999 66 1
29.62709999999999 69.3 1.05
29.62709999999999 72.60000000000001 1.1
